100
1 5
1 0 1 1 1 
5 3
1 0 0 
0 0 1 
1 1 1 
0 0 1 
1 1 1 
4 4
1 0 0 0 
1 1 0 1 
1 1 1 1 
1 1 0 1 
5 4
1 1 1 1 
0 0 0 0 
0 0 0 1 
1 1 0 1 
0 1 1 1 
1 2
1 1 
5 4
1 0 1 0 
1 1 1 1 
0 1 1 0 
1 1 1 1 
1 1 0 1 
5 3
1 0 1 
1 0 0 
0 0 0 
1 1 0 
1 0 1 
4 4
1 0 1 1 
1 1 0 0 
1 1 0 1 
0 1 1 1 
3 4
1 0 0 1 
1 1 1 1 
1 1 0 1 
1 5
1 0 1 1 1 
4 2
1 1 
1 1 
1 0 
1 1 
2 4
1 1 0 1 
0 1 1 1 
3 3
1 1 1 
1 1 1 
1 0 1 
5 2
1 0 
1 0 
0 1 
1 1 
1 1 
5 3
1 0 1 
1 0 1 
1 1 1 
0 0 0 
1 1 1 
3 4
1 0 1 1 
0 1 1 1 
0 1 1 1 
2 1
1 
1 
5 1
1 
1 
0 
1 
1 
2 3
1 1 1 
0 1 1 
1 4
1 1 1 1 
9 9
1 0 1 1 1 1 1 0 1 
1 1 1 0 1 1 0 0 0 
0 1 0 0 0 1 0 0 1 
1 1 1 1 0 1 1 1 1 
1 0 1 1 1 1 1 0 0 
1 1 1 0 1 1 0 0 1 
1 1 0 0 0 0 1 0 1 
0 0 0 1 1 1 1 0 1 
1 0 1 1 0 0 0 1 1 
6 10
1 1 0 1 1 1 1 1 1 1 
1 0 1 1 0 0 0 1 1 1 
1 1 1 1 0 1 1 0 0 1 
0 1 0 0 0 0 1 0 1 0 
1 0 0 0 1 1 1 0 1 1 
0 0 1 1 0 0 1 0 1 1 
4 1
1 
1 
1 
1 
4 9
1 0 1 0 1 1 1 1 1 
0 1 1 0 1 1 1 1 1 
1 1 0 0 0 1 1 1 0 
1 1 1 1 0 0 0 1 1 
7 3
1 1 0 
0 1 1 
0 0 1 
0 1 0 
1 1 0 
1 1 0 
1 0 1 
4 8
1 1 0 1 1 1 1 0 
1 0 1 1 1 1 1 1 
0 1 1 1 1 1 1 0 
1 0 0 1 1 1 0 1 
10 5
1 1 1 0 1 
1 1 0 0 1 
1 1 1 1 1 
1 1 1 1 1 
1 1 0 1 1 
1 1 1 1 1 
1 0 1 0 1 
1 0 1 1 0 
1 1 1 0 1 
1 0 1 0 1 
2 6
1 0 0 1 1 0 
1 1 1 0 0 1 
7 8
1 1 0 1 0 1 0 0 
0 1 0 1 1 0 1 1 
1 1 1 1 1 1 0 1 
1 1 1 1 1 0 0 1 
1 1 0 1 0 0 1 1 
1 0 0 0 1 0 0 1 
1 0 0 0 0 0 0 1 
5 4
1 0 0 0 
0 1 1 0 
1 1 1 1 
1 0 1 0 
0 0 1 1 
2 9
1 1 1 1 0 0 1 1 1 
0 1 0 1 1 1 1 1 1 
2 4
1 1 0 0 
0 0 0 1 
2 4
1 0 1 1 
1 1 1 1 
5 4
1 1 1 1 
1 1 1 0 
1 1 0 1 
1 0 1 1 
1 1 1 1 
3 1
1 
1 
1 
7 3
1 1 1 
1 0 1 
1 1 0 
1 1 1 
1 1 1 
1 1 0 
0 1 1 
1 6
1 0 1 1 1 1 
4 9
1 1 0 0 1 0 1 1 0 
1 0 1 1 1 1 1 0 1 
1 0 1 1 1 1 1 0 1 
1 1 1 1 1 1 0 1 1 
3 8
1 1 1 1 1 0 1 0 
1 1 0 1 0 0 1 1 
1 1 1 1 0 1 1 1 
1 2
1 1 
9 16
1 0 1 0 1 0 1 1 1 1 0 1 1 1 0 1 
0 1 1 1 1 0 1 1 0 0 1 0 1 1 1 0 
1 1 1 1 1 0 0 1 1 1 1 0 0 1 1 1 
1 1 1 0 0 1 1 0 1 1 1 1 1 1 0 1 
0 1 1 1 1 1 1 1 1 1 1 0 0 1 0 1 
0 1 0 0 0 0 1 1 1 0 1 0 0 1 1 0 
1 1 0 1 1 1 0 0 0 0 0 1 1 0 1 1 
1 1 1 1 1 1 0 0 1 0 1 0 0 0 0 1 
1 1 1 1 1 1 0 1 0 1 1 1 0 1 0 1 
3 20
1 1 0 1 1 1 1 1 1 0 1 0 0 1 0 1 1 0 0 1 
0 1 0 1 1 0 1 1 1 0 1 0 0 1 1 0 1 0 1 1 
0 1 0 1 1 0 1 0 0 0 1 1 1 1 1 1 1 1 1 1 
2 2
1 0 
0 1 
16 6
1 1 1 1 1 1 
1 1 1 1 0 1 
0 1 1 0 1 0 
0 1 1 1 1 0 
1 1 0 1 1 1 
0 1 0 1 1 1 
1 1 1 1 1 1 
1 1 0 1 1 1 
0 0 0 1 0 0 
0 0 0 1 1 1 
1 1 1 0 1 1 
0 0 0 1 1 1 
1 1 1 1 1 1 
1 1 0 1 1 0 
1 1 1 1 1 1 
1 1 1 1 1 1 
15 16
1 1 1 0 1 1 0 1 0 1 0 0 0 1 1 1 
0 1 1 1 0 1 1 1 1 1 1 0 1 1 1 1 
1 1 0 1 1 1 1 0 1 1 1 1 1 1 0 1 
1 0 1 1 1 1 0 1 1 0 1 1 1 1 0 0 
1 0 0 0 1 1 1 1 1 1 1 1 1 0 1 0 
1 0 1 1 1 0 1 0 1 0 1 0 0 1 1 1 
1 0 1 1 1 1 1 0 0 1 0 0 1 0 0 0 
1 1 1 1 1 0 0 0 1 1 1 1 1 1 1 1 
0 1 0 1 1 0 1 1 0 0 1 1 1 1 1 1 
1 1 0 1 1 1 0 1 1 1 0 1 0 0 0 1 
1 1 0 0 1 1 0 1 1 0 1 1 1 1 0 1 
1 0 1 1 1 1 0 1 0 1 1 1 0 1 1 1 
1 0 0 0 0 1 1 1 1 1 1 0 1 1 1 1 
1 0 1 1 1 1 1 1 1 1 1 1 0 1 1 1 
1 0 1 1 1 0 1 0 0 1 1 0 1 1 1 1 
10 13
1 1 1 0 1 0 1 0 0 0 1 1 0 
1 0 1 0 0 0 1 1 0 1 1 1 1 
1 1 0 1 1 0 1 0 1 1 1 1 1 
1 1 1 1 0 1 0 1 1 1 1 0 0 
0 1 1 0 1 0 1 1 0 0 0 0 0 
1 1 1 0 0 0 1 0 0 1 0 1 0 
1 0 0 1 1 1 0 1 0 1 1 0 0 
1 1 0 1 1 1 1 0 1 1 1 1 1 
1 1 1 0 1 0 1 0 1 0 1 1 1 
0 0 1 0 1 0 0 1 1 1 0 0 1 
4 7
1 1 1 1 1 1 1 
1 0 0 1 0 1 1 
1 1 1 1 0 1 1 
1 1 1 0 0 1 1 
15 8
1 1 1 1 0 0 1 1 
1 1 1 0 0 1 0 1 
1 0 1 1 1 1 1 1 
1 1 1 1 0 0 0 0 
1 1 1 1 1 1 0 1 
0 1 1 1 0 1 0 1 
1 0 0 1 0 1 1 1 
1 0 1 1 0 1 0 1 
1 1 1 1 1 1 1 1 
0 1 1 0 1 1 0 0 
0 0 0 1 1 0 1 1 
0 1 1 0 1 0 1 1 
1 1 1 0 1 0 1 0 
0 0 1 1 1 0 0 1 
1 0 1 1 0 1 1 1 
6 11
1 0 1 1 0 1 1 1 1 1 1 
1 0 1 0 1 1 1 1 1 1 0 
1 1 1 0 1 1 0 1 1 1 1 
0 1 1 0 1 1 1 1 1 1 1 
1 1 1 1 1 1 1 1 0 0 1 
1 0 1 1 1 0 1 1 0 1 1 
6 11
1 1 1 1 1 1 1 0 0 1 0 
1 1 0 1 0 1 1 0 0 1 1 
1 0 1 0 1 1 0 1 0 1 1 
1 0 0 1 0 0 1 1 1 1 0 
0 0 1 0 1 0 0 0 1 1 1 
0 1 1 1 1 0 0 0 0 0 1 
10 8
1 1 1 1 1 0 0 1 
1 1 1 1 1 0 1 0 
0 1 1 0 0 1 1 1 
1 0 1 1 0 0 0 1 
0 1 0 1 0 0 0 1 
1 1 1 1 0 0 1 1 
0 0 1 0 1 0 1 1 
1 0 1 1 0 0 1 0 
0 0 1 0 1 1 1 1 
1 1 1 1 0 1 1 1 
1 9
1 1 1 0 1 1 1 1 1 
10 15
1 1 1 0 1 1 1 0 0 0 1 1 1 0 0 
1 1 1 1 0 1 1 1 0 1 0 1 1 1 1 
1 1 1 1 0 1 0 1 0 1 1 1 1 0 1 
0 1 1 1 1 1 1 0 1 0 1 1 1 1 1 
1 1 1 1 0 1 1 1 1 1 1 1 1 1 0 
1 0 1 0 1 1 0 1 0 1 0 1 0 1 1 
0 1 1 0 1 1 1 1 0 1 0 0 1 1 1 
1 1 1 0 0 0 1 1 1 0 0 1 0 1 1 
1 0 1 1 0 1 1 0 1 1 0 0 1 0 1 
1 0 1 0 1 0 1 1 1 1 1 1 0 1 1 
18 14
1 1 1 0 1 1 1 1 1 1 1 1 1 1 
1 0 0 1 0 1 1 0 0 1 1 1 0 0 
0 1 1 0 1 1 0 1 1 1 1 0 0 0 
0 1 0 1 1 1 1 0 1 0 1 1 1 1 
1 0 1 0 0 0 0 1 1 1 1 0 1 1 
0 1 1 1 1 1 1 1 1 1 0 0 1 0 
0 0 1 1 0 1 1 1 0 1 0 1 0 0 
0 1 0 0 1 1 0 0 0 0 1 1 1 0 
0 0 1 1 0 1 1 1 1 1 1 0 1 1 
0 1 1 1 1 1 1 1 0 1 1 1 1 1 
0 0 0 1 1 0 1 1 1 1 1 1 0 1 
1 0 0 0 1 1 1 0 1 0 0 1 1 1 
1 1 1 1 0 1 0 1 1 0 1 1 1 1 
1 1 0 1 1 1 1 0 0 1 1 0 1 1 
1 0 1 1 0 0 1 0 0 0 0 1 0 1 
0 1 1 1 1 1 1 0 1 0 1 1 1 1 
0 1 1 1 1 1 1 1 1 0 1 0 0 1 
1 1 0 1 1 1 1 0 1 0 1 1 0 1 
14 8
1 1 0 0 0 1 1 1 
1 1 0 0 1 0 1 1 
0 1 0 1 0 1 0 0 
1 1 0 1 1 1 0 1 
1 0 1 1 0 1 0 0 
1 1 0 1 1 0 0 0 
0 0 1 0 1 0 0 1 
1 1 1 0 1 0 1 1 
0 0 1 1 1 0 1 1 
1 1 0 1 1 1 0 1 
1 1 0 1 1 1 0 0 
1 1 1 1 1 1 1 1 
0 0 1 1 1 1 1 1 
0 1 0 0 0 0 1 1 
6 19
1 0 1 1 1 1 0 1 1 0 0 0 0 1 1 1 0 0 0 
0 1 0 1 1 0 1 1 0 0 1 1 1 0 1 1 1 0 0 
0 1 1 1 1 0 1 0 1 1 1 1 0 1 1 0 1 1 0 
1 1 0 0 1 1 1 1 1 1 1 0 1 1 0 1 1 0 1 
0 0 1 1 1 1 1 0 1 1 1 1 1 0 0 1 1 1 1 
1 0 0 1 1 1 1 1 1 0 0 0 1 1 0 0 1 0 1 
2 3
1 1 1 
1 1 1 
1 2
1 1 
4 2
1 0 
1 0 
1 1 
0 1 
1 4
1 1 1 1 
27 21
1 1 1 1 0 0 1 0 0 1 1 1 1 1 1 1 1 1 1 0 1 
1 1 1 1 1 1 1 1 1 1 1 1 1 1 0 1 1 0 1 1 1 
0 1 0 1 1 1 1 1 1 0 1 0 0 1 1 1 0 1 0 1 1 
1 0 1 0 1 1 0 0 1 1 1 0 1 0 1 1 1 1 1 0 1 
0 0 0 1 0 1 1 0 1 1 1 1 1 1 1 1 0 1 1 0 1 
1 1 1 1 0 0 0 0 1 1 1 1 0 0 0 0 1 0 1 0 0 
1 1 1 0 1 1 0 1 1 0 1 1 1 1 1 0 1 0 1 1 0 
1 1 0 1 1 1 0 0 0 1 1 1 0 1 0 0 1 1 1 0 0 
0 1 0 1 0 1 1 1 1 1 1 1 1 1 0 1 0 1 1 1 1 
1 1 1 1 0 1 1 1 0 1 1 1 1 1 0 0 0 0 1 1 1 
0 1 1 1 1 0 1 1 1 1 1 1 0 1 0 0 1 1 1 1 1 
1 0 1 1 1 1 1 0 1 0 1 0 1 0 1 1 0 1 1 0 0 
0 0 1 1 1 1 1 0 1 0 1 1 1 1 1 0 1 0 0 0 0 
1 0 0 0 1 1 1 1 0 0 1 1 1 1 0 1 1 1 1 0 1 
1 1 1 0 1 0 0 1 0 1 0 1 0 1 1 0 1 1 0 1 1 
0 0 1 1 0 1 1 1 0 1 1 1 1 0 0 1 1 1 1 0 1 
1 0 0 1 0 1 1 1 1 1 1 1 1 1 1 1 1 0 1 1 1 
1 1 1 1 0 1 0 1 0 1 0 1 1 1 0 1 0 1 0 1 0 
0 1 1 0 1 1 1 0 1 1 0 0 1 0 1 1 0 1 1 1 1 
0 1 0 1 0 0 0 0 1 0 0 0 1 0 0 0 1 1 0 1 1 
0 1 0 0 0 1 0 1 1 0 1 1 1 1 1 1 0 1 1 1 1 
1 0 1 1 0 0 1 0 1 1 1 0 1 0 1 1 1 1 1 0 1 
0 1 1 1 1 0 1 1 1 1 1 1 0 1 1 0 1 0 1 1 0 
1 1 1 1 1 1 0 1 0 1 1 1 0 0 1 1 1 1 1 0 1 
1 1 0 0 1 0 0 1 0 1 0 0 0 1 1 0 1 1 1 0 1 
1 1 1 1 0 1 1 0 1 1 1 1 1 1 1 1 1 1 0 1 1 
1 0 1 1 1 1 0 0 1 0 0 1 0 1 1 1 0 1 1 1 1 
4 3
1 1 0 
1 1 0 
1 0 0 
0 0 1 
7 13
1 1 1 1 0 1 0 0 1 1 0 1 0 
0 0 1 1 1 0 0 1 1 1 1 1 0 
0 1 1 1 1 1 1 1 1 1 1 1 1 
0 1 1 1 1 0 1 1 0 0 1 0 1 
1 0 1 1 0 0 1 0 0 0 0 1 1 
1 1 1 1 1 1 0 1 1 1 1 1 1 
1 1 1 1 0 1 1 1 1 1 1 1 1 
22 1
1 
1 
1 
1 
1 
0 
1 
1 
1 
1 
1 
1 
0 
0 
0 
1 
1 
1 
0 
1 
1 
1 
27 23
1 1 0 1 1 1 1 0 1 1 0 0 0 1 0 1 1 0 0 1 0 0 0 
1 1 1 1 1 0 1 1 1 1 1 0 1 1 1 1 1 0 0 1 1 1 0 
0 1 1 0 1 1 1 0 1 1 0 0 1 1 1 1 1 0 1 0 0 1 1 
0 1 1 1 1 0 1 0 0 1 1 0 0 1 0 1 1 1 1 0 1 1 0 
1 0 1 0 0 1 0 0 1 1 1 1 1 0 1 1 0 1 1 0 0 0 1 
0 1 1 1 1 1 0 1 0 1 0 1 1 0 0 1 1 1 1 1 1 0 1 
1 1 1 0 1 1 0 1 1 0 0 1 1 0 1 1 1 1 1 1 0 1 0 
1 1 1 1 0 0 1 1 0 1 1 0 0 1 1 0 0 1 1 1 0 1 1 
0 1 1 0 1 1 1 0 0 1 0 0 0 1 1 1 1 1 0 1 1 1 1 
1 0 1 0 0 0 1 1 0 1 0 1 0 0 1 1 1 0 1 1 1 1 0 
1 0 1 1 1 1 1 0 1 0 1 0 1 1 1 1 0 1 1 1 0 0 1 
1 1 0 1 0 0 0 1 1 1 1 1 0 0 0 1 0 1 0 1 0 0 0 
0 1 1 1 1 1 1 0 1 1 1 1 0 1 1 0 0 1 0 0 0 0 1 
1 0 0 1 1 0 1 1 0 0 0 1 0 1 1 0 1 1 0 1 1 1 1 
0 1 1 1 0 1 1 1 1 1 1 0 0 1 0 1 1 0 1 1 1 1 1 
1 1 0 1 1 1 0 0 1 0 1 1 1 0 0 1 1 1 1 1 0 1 0 
0 1 1 1 0 0 1 1 0 0 1 1 1 1 1 0 1 0 1 1 1 1 1 
1 0 1 0 0 1 1 1 1 1 0 1 0 1 1 1 1 0 1 1 0 1 1 
1 0 1 1 1 0 0 1 1 0 1 1 1 1 1 0 1 1 0 1 0 1 1 
1 1 1 1 0 1 0 0 1 0 1 0 1 1 1 1 1 1 1 0 1 1 1 
1 0 0 0 1 1 0 1 1 1 0 0 1 1 0 1 1 1 1 1 1 1 0 
0 1 1 1 0 1 1 1 1 0 1 0 1 0 1 1 1 1 1 1 1 0 1 
0 1 0 0 0 1 0 0 1 0 0 0 1 1 1 1 0 0 1 1 0 1 1 
1 1 0 1 1 1 1 1 1 1 1 1 0 0 1 1 1 1 0 0 0 1 0 
0 1 1 1 1 1 0 1 1 1 1 1 0 0 1 1 1 1 1 1 1 1 1 
0 1 0 1 1 0 1 0 1 0 0 0 1 1 1 1 0 1 1 0 1 1 1 
1 1 1 1 0 1 0 1 1 1 1 0 1 1 1 1 0 1 1 0 1 1 1 
23 21
1 1 0 1 1 1 1 0 1 1 0 0 1 1 0 0 1 0 1 1 0 
0 1 1 0 0 1 0 1 1 1 1 1 1 1 1 1 1 1 0 0 1 
0 1 1 1 1 1 1 1 0 1 0 0 1 0 1 1 1 1 1 1 1 
0 1 0 1 1 0 1 0 1 1 0 1 1 1 1 1 1 0 0 1 0 
1 0 1 1 0 0 1 0 0 0 1 0 0 0 1 1 1 1 1 1 0 
0 1 0 1 0 1 1 1 1 0 1 0 0 1 1 0 1 1 1 1 1 
0 1 1 1 0 1 0 1 0 1 0 1 0 1 0 1 0 1 0 1 1 
1 1 0 0 1 1 1 1 0 1 1 0 1 1 0 1 0 0 0 0 1 
1 1 1 1 0 0 1 0 1 0 0 0 0 0 1 1 0 1 1 1 0 
0 1 1 1 1 1 0 1 1 1 0 1 1 1 0 1 1 1 1 1 1 
0 1 0 0 1 1 1 1 1 0 0 0 0 1 0 1 1 1 1 1 0 
1 1 1 1 1 1 0 1 1 1 0 1 1 1 0 1 0 0 0 1 0 
0 1 1 0 1 1 1 1 0 1 1 1 1 1 1 0 1 1 1 0 1 
1 1 1 0 1 1 1 1 0 0 1 1 1 1 1 1 0 1 1 0 1 
1 1 0 0 1 1 0 0 1 1 1 1 1 0 0 1 1 1 0 0 1 
1 1 0 1 1 0 1 0 1 1 0 0 1 1 1 0 1 1 1 0 0 
1 1 1 1 0 0 0 1 0 1 1 1 0 0 0 1 1 1 1 1 1 
1 0 1 1 0 1 1 1 0 1 0 1 1 0 1 1 1 1 0 0 1 
1 1 0 0 0 1 1 1 0 1 1 1 0 1 0 1 1 1 1 1 0 
0 0 1 1 1 1 1 0 0 0 1 1 1 1 1 0 1 1 1 1 0 
0 1 0 1 1 1 1 1 0 1 1 0 1 0 0 0 1 1 1 1 1 
1 0 1 1 0 1 0 1 1 1 1 0 1 0 1 1 1 0 0 1 0 
1 1 1 1 0 1 0 0 1 1 0 1 1 1 0 1 0 0 1 0 1 
22 11
1 1 1 1 1 1 0 0 0 1 0 
0 1 0 0 1 0 1 1 1 0 1 
0 1 1 1 0 1 1 1 1 0 1 
0 1 1 1 1 1 0 1 1 1 0 
0 1 1 1 1 0 0 0 0 1 1 
0 1 0 1 1 1 1 1 1 1 1 
0 1 1 0 1 0 0 1 1 1 1 
1 1 0 1 1 1 0 1 1 1 0 
1 0 1 1 0 0 1 0 0 0 1 
1 1 1 1 0 1 1 1 0 0 1 
1 1 1 1 1 1 1 1 1 0 0 
1 1 0 0 0 0 0 0 1 1 1 
1 1 1 1 1 0 1 1 1 1 0 
1 0 0 1 1 1 1 1 1 1 0 
0 0 1 1 0 1 1 0 1 1 1 
0 0 1 1 1 0 1 1 1 1 0 
1 1 1 0 1 0 1 1 1 1 1 
0 1 1 0 0 0 1 1 1 1 1 
1 1 1 0 1 0 1 1 0 0 1 
1 1 1 0 0 1 1 0 1 0 0 
0 0 0 1 1 1 1 1 0 1 1 
1 0 0 0 0 1 0 1 0 1 1 
3 16
1 1 1 0 1 1 1 1 0 1 1 1 1 0 0 1 
0 1 1 1 1 0 0 0 1 0 1 1 1 0 1 1 
0 0 0 1 1 1 0 0 1 0 1 1 0 0 1 1 
13 18
1 0 1 0 0 1 0 1 0 0 1 1 1 0 1 1 1 0 
1 1 0 1 1 1 1 0 0 0 1 1 1 1 1 0 0 0 
1 1 1 0 0 1 1 0 1 0 1 1 1 1 1 1 0 1 
1 1 1 1 1 1 0 1 0 1 1 0 1 1 0 1 1 1 
0 0 1 1 1 0 1 0 1 1 0 1 0 1 1 0 0 0 
1 1 1 0 1 1 1 0 0 1 0 0 1 1 0 0 1 0 
1 1 1 1 1 1 0 0 1 0 1 1 1 1 0 1 0 0 
1 1 0 1 1 1 1 0 1 0 1 1 1 1 1 0 1 1 
0 0 0 1 1 1 0 1 0 1 0 0 1 1 1 0 1 1 
1 1 1 1 0 1 1 0 1 0 1 1 0 0 1 0 0 1 
1 1 0 0 1 0 1 0 0 1 1 1 1 0 1 1 0 0 
1 1 0 1 1 1 0 1 1 0 1 1 0 1 0 1 1 1 
1 1 0 1 1 1 1 0 0 1 1 0 1 1 1 1 0 1 
1 3
1 0 1 
8 24
1 1 1 0 0 1 1 0 1 1 1 1 1 1 1 1 0 0 1 0 1 1 0 1 
0 1 1 0 1 1 1 1 1 1 0 1 0 1 1 1 1 0 1 1 1 1 1 0 
1 1 0 1 1 1 1 1 1 1 1 1 1 1 0 0 1 0 1 1 1 0 1 1 
1 0 1 1 1 1 0 0 1 0 1 1 1 0 0 0 0 1 1 1 1 1 0 0 
1 1 0 0 0 1 0 0 1 1 0 1 0 1 1 1 0 1 1 1 0 1 1 0 
1 0 0 1 0 1 0 1 1 1 0 1 0 1 1 1 1 0 1 1 0 1 1 1 
1 1 1 1 1 1 1 1 0 1 0 1 1 1 1 1 1 1 1 1 0 1 0 1 
1 0 0 1 1 1 1 0 1 1 0 1 1 1 1 0 0 1 1 1 0 0 1 1 
8 15
1 0 1 0 1 1 1 0 1 0 1 0 1 0 0 
1 1 0 1 1 1 1 1 0 0 0 0 1 1 1 
1 1 0 1 0 0 1 0 0 1 1 1 1 0 1 
0 0 0 0 1 1 0 1 0 1 1 1 1 1 1 
1 0 1 1 1 1 0 1 0 1 1 1 1 1 1 
0 0 1 0 0 1 1 1 0 1 1 0 1 1 1 
1 1 1 1 1 1 0 0 1 1 1 1 1 1 1 
1 0 0 0 0 1 1 1 1 1 1 1 0 1 1 
11 25
1 1 1 1 1 0 1 0 0 1 0 1 0 1 1 1 1 1 1 1 1 0 0 1 1 
1 1 1 1 0 1 0 1 1 1 0 0 1 1 1 1 1 0 0 0 1 1 1 1 1 
1 1 1 0 1 0 1 0 0 0 1 0 1 1 0 1 0 0 1 1 1 1 1 0 0 
1 1 1 0 1 1 1 0 1 1 1 0 1 0 0 0 1 0 0 1 1 1 0 0 0 
1 1 1 1 0 1 1 0 0 1 0 1 0 1 0 0 1 1 0 0 0 1 1 1 1 
1 1 1 1 0 1 1 1 0 1 1 0 0 0 1 1 0 0 1 1 1 1 1 1 1 
0 1 0 0 1 1 1 1 1 1 1 1 1 0 1 1 1 1 1 1 0 0 1 0 1 
1 1 0 1 0 0 0 1 0 1 0 0 0 0 0 0 1 1 0 1 1 1 1 1 0 
1 1 1 1 0 1 1 0 1 1 1 1 1 0 0 0 0 0 1 1 0 1 1 0 1 
0 1 1 1 1 1 1 0 0 1 1 1 1 0 1 1 1 0 1 1 0 1 1 0 0 
0 1 0 1 1 1 0 0 1 1 1 1 0 1 1 0 1 1 1 1 1 1 1 1 1 
19 10
1 0 1 1 1 0 1 0 1 1 
1 1 0 0 1 0 1 1 0 1 
0 1 1 0 1 0 1 0 1 0 
1 1 0 0 0 0 1 0 1 0 
1 0 1 0 1 1 1 1 1 1 
0 0 1 1 0 1 1 1 1 1 
0 1 1 1 1 0 1 1 0 1 
1 0 1 0 0 0 1 1 0 1 
1 1 1 1 1 1 1 1 1 0 
1 1 0 1 0 1 1 1 1 0 
1 0 1 1 1 0 1 1 1 1 
1 1 0 0 1 0 0 1 0 1 
0 1 0 1 1 1 1 1 0 1 
1 1 1 0 1 1 1 1 1 1 
0 1 0 1 1 1 0 0 0 1 
1 1 1 1 0 1 0 1 1 0 
1 0 0 1 1 1 1 1 0 1 
1 1 0 1 1 0 1 1 1 1 
1 1 0 1 1 1 1 1 1 1 
29 4
1 1 1 0 
0 1 0 1 
0 1 1 0 
1 1 1 1 
1 1 1 1 
0 0 1 1 
1 1 1 0 
0 0 0 1 
0 1 1 1 
0 1 0 1 
1 1 1 1 
1 0 1 0 
1 1 0 1 
1 0 0 0 
0 1 1 0 
1 0 0 0 
0 1 0 1 
1 0 1 0 
0 0 0 0 
1 1 1 1 
0 1 0 0 
0 1 0 1 
1 1 0 1 
0 1 0 1 
1 0 1 0 
1 1 0 0 
1 1 1 0 
1 0 1 1 
1 1 0 1 
5 2
1 0 
1 0 
1 0 
1 0 
1 1 
29 17
1 1 1 1 0 0 1 1 1 1 0 0 0 1 0 1 1 
0 1 1 1 0 1 0 1 1 1 1 0 1 1 1 1 1 
1 1 1 1 1 0 1 1 1 1 0 1 0 1 0 0 1 
1 1 1 1 1 0 0 1 1 1 1 0 1 1 0 1 1 
1 1 1 1 1 1 1 0 1 0 0 0 1 1 1 0 1 
0 1 0 0 1 0 1 1 1 1 1 0 1 1 0 1 1 
0 1 0 0 1 0 1 1 1 1 1 1 1 0 1 0 0 
0 0 1 1 1 1 1 1 1 0 1 0 1 0 0 0 1 
1 1 0 0 1 1 1 1 0 1 1 1 1 0 1 1 1 
1 1 1 1 1 0 1 1 1 1 1 1 1 1 0 1 1 
1 1 1 0 1 0 1 1 1 1 1 1 1 0 0 1 1 
1 1 1 1 0 0 1 0 1 1 1 0 1 0 1 1 1 
0 0 0 1 1 1 0 0 1 0 1 0 0 0 1 1 1 
1 1 1 1 0 0 1 1 1 1 0 1 1 1 1 1 0 
1 1 1 1 1 0 1 0 1 1 1 1 0 1 1 0 0 
1 1 0 0 0 0 1 1 0 1 0 1 1 1 0 1 0 
1 1 1 1 1 1 0 0 1 0 1 1 1 1 1 1 0 
1 1 1 0 1 1 1 1 0 1 1 1 1 0 1 1 1 
0 1 0 1 1 0 0 1 1 0 0 0 1 0 0 1 0 
1 1 1 1 1 1 1 1 1 1 1 1 1 1 1 0 1 
0 1 1 1 0 0 0 0 0 0 0 1 1 1 0 0 1 
1 0 1 0 1 0 0 1 0 0 0 1 1 1 1 1 1 
1 1 1 1 1 0 1 1 1 1 1 1 0 1 0 1 0 
0 1 1 1 0 1 1 0 1 0 1 0 1 1 0 1 1 
1 0 1 1 0 1 0 0 0 1 1 0 0 1 0 1 1 
0 1 0 1 0 1 0 1 1 1 1 0 1 1 1 0 0 
1 1 1 0 1 1 1 1 0 1 0 1 1 0 1 1 1 
1 1 0 0 0 1 0 1 1 1 0 1 0 1 1 1 0 
1 0 1 1 1 1 1 1 0 0 1 1 0 1 1 1 1 
18 6
1 0 0 1 1 1 
0 1 0 0 1 0 
1 1 1 1 1 0 
1 1 1 1 0 0 
1 0 1 1 0 1 
1 1 0 1 0 1 
1 0 1 0 0 0 
1 1 1 1 1 1 
1 1 0 0 0 1 
1 0 1 0 1 1 
0 1 0 1 1 1 
1 1 0 1 0 1 
1 1 1 0 1 0 
1 1 1 0 0 0 
1 1 1 0 1 0 
0 1 0 1 0 1 
0 1 0 0 1 0 
1 1 0 0 1 1 
5 3
1 1 1 
0 1 1 
1 1 1 
0 0 1 
1 1 1 
17 6
1 1 0 1 1 1 
1 1 0 1 1 0 
1 1 1 1 0 1 
1 0 1 1 1 1 
1 0 0 1 1 1 
1 1 1 1 0 1 
1 0 0 1 0 1 
1 1 0 0 1 1 
1 1 1 0 1 1 
0 1 1 1 0 1 
1 0 1 1 0 1 
0 0 0 0 0 1 
0 1 1 1 1 0 
1 0 1 0 1 1 
0 1 0 1 1 1 
1 1 0 1 1 0 
0 1 1 1 1 1 
4 2
1 1 
1 0 
1 0 
1 1 
7 25
1 1 1 1 1 1 1 1 0 0 0 0 1 1 0 1 1 1 0 0 0 1 0 0 0 
1 0 0 1 1 0 1 1 0 0 0 1 1 1 1 1 1 0 1 1 1 0 0 1 0 
1 0 1 0 1 1 1 1 1 0 1 0 1 1 1 1 1 0 1 1 1 1 0 1 0 
1 1 1 1 0 1 0 1 1 1 1 1 1 1 0 1 1 1 1 0 1 0 1 1 0 
1 1 0 1 1 1 1 1 1 1 1 1 1 0 1 1 1 0 0 0 1 1 1 0 1 
1 0 1 0 0 1 1 1 1 1 1 1 0 1 1 1 0 1 1 1 0 1 0 0 0 
1 1 1 0 1 1 1 1 0 1 1 1 1 0 1 1 1 0 1 1 0 0 1 0 1 
30 39
1 0 1 1 1 0 1 1 1 1 1 0 0 1 1 1 1 0 1 1 0 1 1 0 1 0 1 0 0 1 0 1 1 1 1 1 1 1 0 
1 1 0 1 1 0 0 1 1 1 1 1 1 0 1 1 1 0 1 1 1 0 0 1 0 1 1 1 1 0 0 0 1 1 1 1 1 0 0 
1 1 1 0 1 1 0 1 0 1 1 1 0 1 1 1 1 1 0 1 1 1 1 0 0 1 0 0 1 0 0 1 0 1 1 1 1 1 1 
0 1 1 1 1 1 1 1 1 0 0 0 0 1 1 0 0 0 0 1 0 1 1 1 0 1 1 0 1 1 1 1 0 1 1 1 0 0 1 
1 0 1 0 1 1 1 1 0 1 1 1 1 1 1 1 0 1 0 0 0 1 1 1 1 1 0 0 0 1 1 1 0 1 0 1 1 1 0 
1 1 1 1 0 0 1 1 1 1 0 0 1 0 0 1 0 1 1 1 0 0 0 0 0 1 1 1 1 1 0 1 0 1 1 1 1 1 0 
1 0 1 0 1 1 1 1 0 1 0 1 0 1 0 1 0 1 1 0 0 1 1 0 1 0 1 1 1 1 0 0 0 0 0 1 1 1 0 
1 0 1 1 0 1 1 1 0 0 0 1 1 1 1 1 0 0 0 1 0 0 0 1 1 0 0 1 1 0 0 0 1 0 0 1 1 1 0 
1 0 1 0 1 0 1 0 0 1 0 1 1 1 1 1 1 1 0 1 1 1 1 1 1 0 1 1 1 0 1 1 1 0 0 0 1 1 0 
1 1 1 1 0 0 0 1 0 1 1 1 1 0 1 1 1 1 1 1 0 0 1 1 1 1 1 0 0 0 1 1 0 1 1 1 1 0 1 
1 1 0 1 1 0 0 1 1 0 1 0 1 1 1 0 0 0 1 0 0 1 1 0 1 1 1 0 1 1 1 0 1 1 1 0 1 1 1 
0 0 0 0 0 1 1 0 1 0 1 1 1 0 1 0 1 1 1 0 0 0 1 1 1 1 1 1 1 1 0 1 1 1 0 0 1 1 1 
0 1 1 0 0 1 0 1 0 0 1 0 0 1 1 1 1 1 0 0 0 1 1 1 0 1 1 1 0 1 1 0 1 0 0 1 1 1 1 
1 0 1 1 1 1 1 1 0 1 0 0 0 1 0 1 1 1 1 1 1 1 1 1 0 1 1 1 0 0 0 0 1 0 1 0 1 1 0 
0 1 1 0 1 0 0 0 0 1 1 0 1 0 1 1 1 1 1 1 0 1 0 0 1 1 1 1 1 1 0 1 1 1 1 1 0 0 1 
0 1 1 0 0 1 0 1 1 1 1 0 0 1 1 0 1 1 1 1 0 1 0 0 0 0 1 1 1 0 1 1 1 0 0 1 0 1 1 
0 0 1 0 0 1 1 1 0 1 0 1 1 1 1 1 1 1 1 1 0 1 0 1 0 0 1 1 0 0 1 1 0 1 1 0 1 1 1 
1 0 1 1 0 1 1 1 0 0 1 1 1 1 1 1 0 1 1 1 0 0 0 0 0 1 1 0 1 1 1 1 0 1 1 1 0 1 1 
0 1 1 1 1 1 1 1 1 0 1 1 1 1 1 0 1 0 1 1 1 1 0 1 0 1 0 0 0 1 1 1 0 1 0 0 1 0 0 
1 0 1 0 0 1 1 1 1 1 1 1 0 0 0 0 0 1 1 1 1 1 1 1 0 1 1 0 1 1 1 1 0 1 1 1 1 0 0 
1 0 1 1 1 1 1 0 1 1 0 0 0 1 0 1 1 0 1 1 1 0 0 1 1 1 1 1 1 1 0 1 1 1 1 1 0 0 0 
1 1 0 0 0 1 1 0 0 1 1 1 0 0 0 0 1 1 1 1 1 0 0 1 1 1 1 1 1 1 1 0 1 1 0 1 0 1 1 
0 0 0 1 1 0 1 1 1 1 1 0 0 0 0 1 0 1 1 1 0 1 1 1 0 1 1 0 0 1 1 0 1 1 0 1 0 1 0 
1 1 1 0 1 1 1 0 0 1 1 0 0 1 1 0 1 1 1 1 0 1 1 1 1 0 0 1 0 0 1 0 1 1 0 1 1 0 1 
1 1 1 1 0 0 1 1 0 1 1 0 1 1 1 1 1 1 0 0 0 1 1 1 1 0 1 1 0 0 1 1 0 1 0 1 0 1 1 
0 1 1 0 0 0 0 1 1 1 1 1 1 0 1 0 0 1 1 1 1 0 1 0 0 1 1 1 1 0 0 1 1 1 0 0 1 0 1 
1 1 1 1 1 1 0 1 1 1 1 1 1 1 1 1 1 0 0 0 1 0 1 1 1 0 1 1 0 1 1 1 1 0 1 1 0 0 1 
0 1 1 1 1 1 1 1 0 0 1 0 0 1 1 0 0 1 0 1 1 0 0 0 1 1 1 1 1 0 1 1 1 1 0 1 1 0 0 
0 1 1 0 0 0 0 1 0 0 0 1 1 1 0 1 1 1 0 0 1 0 1 1 1 0 1 1 1 1 1 1 0 1 0 1 0 1 1 
1 1 0 1 1 0 1 1 0 1 0 1 1 1 1 1 0 0 1 1 1 1 1 1 1 1 0 1 1 1 1 1 1 1 1 1 1 1 1 
15 27
1 1 1 0 0 1 1 1 1 1 0 1 0 1 1 1 1 0 0 1 1 1 0 1 0 1 1 
1 1 1 0 1 0 1 1 1 0 1 0 1 1 0 1 1 1 0 1 1 0 0 1 1 1 1 
0 0 1 0 1 0 1 1 0 0 1 1 1 1 1 1 1 0 1 1 0 0 1 0 1 1 0 
0 1 1 0 0 1 1 1 1 0 1 1 1 0 0 1 0 0 0 1 1 0 1 0 1 1 0 
0 0 1 1 1 0 1 1 1 0 0 1 0 1 1 1 1 1 1 1 0 1 1 1 0 1 1 
1 1 1 0 1 1 1 0 1 0 1 1 1 1 0 1 1 0 1 1 1 0 1 1 0 1 1 
1 1 1 1 0 0 1 1 1 1 1 1 0 1 0 1 0 1 1 1 1 1 1 1 0 0 0 
1 0 1 1 1 1 0 1 1 1 1 1 1 1 1 0 1 1 1 1 0 0 0 0 1 0 0 
0 1 1 1 1 1 0 1 1 0 1 1 0 1 0 1 1 1 1 1 1 1 0 1 0 1 1 
0 0 0 0 1 1 1 1 1 0 0 1 0 1 1 0 1 1 1 0 1 1 1 1 1 0 1 
0 1 0 1 1 0 0 1 1 0 1 0 1 1 0 1 1 0 1 1 1 0 0 1 0 0 1 
0 1 1 0 0 1 1 0 0 0 0 1 1 1 1 0 1 1 1 0 1 1 1 1 0 0 1 
0 1 1 1 0 1 0 1 1 0 1 1 1 1 0 0 1 1 1 0 0 1 0 0 1 1 0 
1 1 1 1 1 0 1 1 1 0 1 1 1 1 1 1 1 1 1 0 0 0 0 1 1 1 1 
1 1 1 1 0 1 1 1 0 1 1 1 1 0 1 1 0 1 1 1 0 1 1 1 1 1 1 
16 20
1 0 1 0 0 1 0 1 1 1 0 1 1 1 1 1 0 0 1 1 
0 1 1 0 1 1 0 0 1 1 1 0 1 0 0 0 1 1 1 0 
1 0 0 1 1 1 1 0 0 1 1 1 1 0 1 1 0 0 1 1 
0 1 0 1 0 1 1 1 1 0 1 1 0 0 0 1 0 1 1 1 
1 0 1 1 1 1 0 0 1 1 1 1 0 1 0 0 1 0 0 0 
1 0 1 0 1 0 1 0 1 1 1 1 0 0 0 1 1 0 1 0 
1 1 1 1 1 1 1 1 1 0 1 0 1 1 0 1 1 0 1 1 
1 0 1 1 1 1 1 1 0 0 1 0 1 1 1 1 0 1 1 1 
1 1 1 1 1 1 0 1 0 1 1 1 0 1 1 1 1 1 1 1 
1 1 1 0 1 1 0 1 1 0 1 1 1 1 0 1 0 1 1 0 
1 1 1 0 1 1 1 1 0 0 0 1 1 0 0 0 1 1 1 0 
1 1 0 1 1 1 1 0 1 1 1 1 1 1 1 0 1 1 1 1 
1 1 1 1 1 1 1 1 1 1 1 1 1 1 0 0 1 0 0 1 
1 1 1 1 1 1 1 0 0 1 0 1 0 0 1 1 1 0 1 1 
1 1 0 1 1 1 1 1 1 0 0 1 0 1 1 1 1 1 1 1 
1 1 1 0 0 0 0 1 1 1 0 1 1 1 0 0 0 1 1 1 
12 15
1 0 0 0 1 1 0 1 1 0 0 1 1 1 0 
0 1 1 0 0 0 1 0 1 0 1 0 1 1 0 
1 1 1 1 0 1 1 1 0 1 0 1 1 0 0 
0 0 0 0 1 1 1 1 0 1 1 0 1 1 0 
0 1 1 1 1 1 1 1 0 0 1 1 0 1 1 
0 1 0 1 0 1 0 0 0 0 1 0 1 0 0 
1 0 1 1 1 0 0 0 1 1 1 1 1 1 1 
1 1 0 1 1 1 0 1 1 0 1 0 1 0 1 
1 1 1 0 1 1 1 0 0 1 1 1 1 0 1 
0 0 0 1 0 1 1 1 1 1 1 1 0 0 1 
1 1 1 1 1 1 1 0 1 1 1 1 0 1 1 
1 1 0 0 0 1 1 0 1 0 1 1 0 1 1 
34 5
1 1 1 1 1 
1 0 0 0 1 
1 1 1 1 1 
1 1 1 1 1 
0 0 0 0 1 
1 0 1 0 1 
1 1 0 0 1 
1 1 0 1 0 
0 1 0 0 0 
1 1 0 1 1 
1 1 1 1 1 
1 1 0 1 1 
1 1 1 1 1 
1 0 1 1 1 
1 1 1 0 1 
1 0 1 1 1 
1 0 1 1 0 
1 0 0 0 1 
1 0 1 1 1 
0 1 0 1 0 
0 0 0 0 0 
0 0 1 1 0 
1 0 1 1 1 
0 0 1 0 1 
1 0 1 0 0 
1 1 1 1 1 
1 1 1 0 1 
0 0 1 1 1 
1 0 0 1 0 
1 1 0 1 1 
0 1 1 0 1 
0 0 1 0 0 
1 1 0 0 1 
1 0 1 1 1 
3 33
1 0 1 0 1 0 1 1 0 1 0 0 1 1 1 1 1 0 1 1 0 1 1 0 0 1 1 1 1 1 0 1 1 
1 0 0 1 1 0 1 0 1 0 1 1 0 1 1 0 1 1 1 1 0 0 1 1 1 0 0 1 0 1 1 1 1 
1 1 1 1 1 1 1 0 1 0 0 1 1 1 1 1 1 1 1 1 1 1 0 1 1 1 1 1 0 1 1 0 1 
5 12
1 0 1 1 1 1 1 0 0 0 1 1 
1 0 0 1 1 1 1 0 1 1 1 1 
0 1 1 0 1 1 1 1 1 0 0 1 
1 1 0 1 0 0 0 1 0 1 1 1 
1 1 0 0 0 0 1 1 1 1 1 1 
32 8
1 0 0 1 0 1 1 1 
1 0 0 1 1 0 1 1 
1 1 1 1 1 1 1 1 
0 1 1 1 0 0 0 1 
1 1 1 0 0 1 1 0 
0 1 1 1 0 1 1 1 
1 0 1 0 1 0 1 0 
1 1 1 1 1 1 1 0 
0 1 0 0 1 0 1 1 
1 1 0 1 1 1 1 1 
1 0 1 0 1 1 1 1 
1 1 0 1 1 1 1 0 
0 1 1 0 0 1 1 0 
1 0 1 0 0 0 0 1 
1 0 1 1 1 1 1 1 
0 0 0 1 1 0 1 1 
1 0 1 0 1 1 1 1 
0 0 1 1 1 1 1 1 
1 1 0 1 1 1 1 1 
1 0 0 0 1 1 1 0 
1 1 1 0 1 1 1 1 
1 0 0 0 1 1 0 0 
1 1 1 0 1 0 0 1 
1 0 0 1 1 1 1 1 
1 1 1 1 0 1 1 1 
1 1 1 0 1 1 1 0 
1 0 1 1 1 0 1 0 
1 1 0 0 0 1 1 1 
1 0 0 1 0 1 1 1 
1 1 1 1 1 1 0 1 
1 1 1 1 0 1 1 1 
1 0 1 1 1 0 1 1 
26 48
1 1 0 1 0 0 1 0 1 1 0 1 1 1 1 1 1 1 1 1 1 1 1 1 0 1 1 1 1 1 1 1 1 1 0 0 1 0 1 1 1 1 0 1 1 1 1 1 
1 0 0 0 1 1 0 1 0 1 1 0 1 0 1 1 0 1 0 1 1 0 1 1 1 1 1 0 1 0 0 1 1 0 1 1 1 0 1 0 1 1 1 1 1 1 1 1 
1 1 0 1 1 1 0 0 0 0 0 1 1 0 0 1 1 1 0 0 1 1 0 1 1 1 1 1 0 1 0 1 0 1 1 0 1 0 0 1 1 1 1 1 1 1 1 0 
1 1 1 1 1 1 0 0 0 0 1 1 0 1 0 1 1 0 1 0 0 1 1 0 0 1 1 1 1 0 0 0 1 1 1 0 1 1 0 1 1 0 1 1 0 1 1 0 
0 1 1 0 0 0 1 1 1 1 1 1 0 0 1 1 1 1 0 1 1 0 1 1 1 0 0 1 1 1 1 1 1 1 0 0 1 1 1 1 0 1 1 0 0 1 1 0 
1 0 1 1 1 1 1 1 1 0 1 1 0 0 0 0 1 0 1 1 1 1 1 1 1 0 0 1 1 0 0 1 1 1 0 1 1 0 1 1 0 0 1 1 1 0 0 0 
1 0 1 1 1 1 1 1 1 0 1 0 1 1 0 0 1 1 1 1 0 1 0 1 0 1 1 1 1 1 0 1 0 1 1 1 1 1 1 0 1 0 1 0 0 1 0 1 
1 1 0 0 1 1 0 1 1 1 0 1 1 1 1 1 0 1 1 0 0 0 0 0 1 1 1 1 1 1 1 1 1 1 1 1 0 1 1 1 1 0 1 1 1 0 0 1 
0 1 1 1 1 0 0 1 1 1 1 1 0 0 0 1 0 1 1 1 1 1 1 1 1 0 0 1 1 0 0 0 0 1 0 1 0 0 1 0 1 0 0 1 1 0 0 1 
0 1 1 0 1 0 1 0 1 1 1 0 1 1 1 1 0 1 0 1 0 1 1 1 0 1 1 1 1 0 1 0 1 1 1 0 1 1 1 1 1 0 0 1 0 1 1 0 
1 1 0 1 0 1 0 1 1 1 1 0 1 1 1 1 1 1 1 0 0 1 0 1 1 1 1 0 1 1 0 0 0 0 1 0 1 1 1 1 0 0 0 1 0 1 0 1 
1 1 1 1 1 0 1 0 1 0 1 1 1 0 1 0 1 0 0 1 1 1 0 1 0 0 0 1 1 0 0 1 1 1 1 1 1 1 1 1 1 1 1 0 1 0 1 1 
1 0 1 1 1 0 1 1 0 0 1 0 1 1 1 1 0 0 1 1 1 1 1 1 1 1 1 0 1 1 1 0 0 1 1 1 0 1 1 1 1 0 1 1 1 0 1 1 
1 1 1 1 1 1 0 1 1 1 1 1 1 1 1 1 1 0 1 1 1 1 1 1 0 1 1 1 1 1 1 0 1 1 1 1 1 1 1 1 0 1 0 1 1 0 1 1 
1 1 1 1 1 0 0 0 0 0 1 1 0 0 1 1 1 1 1 1 0 1 1 1 1 1 1 1 1 0 0 1 0 0 1 0 1 0 1 1 1 1 0 0 1 1 0 1 
1 1 1 0 1 1 1 1 1 1 1 0 0 1 1 1 0 1 1 0 0 1 1 1 1 1 1 1 1 1 0 1 1 1 1 1 1 1 0 1 0 0 1 0 0 1 1 1 
0 1 0 1 0 1 0 1 1 0 0 0 1 1 1 0 0 1 1 0 0 1 1 0 1 1 1 0 1 1 1 1 0 1 1 1 0 1 1 0 1 0 1 0 0 1 0 0 
1 1 1 0 1 1 1 1 1 1 1 0 1 1 1 1 0 0 1 1 1 1 1 0 0 0 1 1 1 1 1 1 1 1 0 0 1 1 1 1 1 1 0 1 1 0 1 1 
1 0 0 1 0 0 0 1 1 1 1 0 1 1 1 1 1 1 0 1 1 1 1 0 1 0 1 1 1 0 0 1 1 0 1 0 1 0 1 1 1 1 1 0 0 0 0 1 
1 1 1 1 1 1 1 0 1 1 1 0 0 1 1 1 1 1 0 0 1 0 1 1 0 1 1 1 1 1 0 1 0 1 1 1 1 1 0 0 0 1 1 1 1 1 1 0 
0 1 1 1 1 0 1 0 1 0 1 0 1 1 1 0 0 1 0 1 1 1 0 0 1 1 1 1 1 0 1 0 1 1 1 1 1 1 0 1 1 1 1 1 0 1 1 1 
1 1 1 1 1 1 1 1 1 0 1 0 1 0 0 1 1 1 0 0 1 1 1 1 1 1 1 0 1 1 0 1 0 1 1 0 1 1 1 1 0 0 1 1 1 0 1 1 
0 0 1 1 1 0 0 1 1 0 1 1 1 1 0 0 1 1 0 1 0 1 0 0 1 1 0 0 1 0 0 0 1 0 0 1 1 0 1 1 1 1 0 1 1 1 1 0 
1 0 1 1 1 0 0 1 1 1 1 1 1 0 0 0 1 0 0 1 1 1 1 1 1 1 1 1 1 1 1 1 1 0 0 1 1 1 0 0 1 1 1 0 0 0 1 1 
1 1 1 1 1 1 1 1 1 0 1 0 1 1 0 0 1 1 1 1 1 1 1 1 0 0 1 1 0 1 1 1 1 0 1 1 0 1 1 1 1 1 1 0 0 1 1 1 
1 0 1 1 0 1 1 1 0 1 0 1 1 1 1 1 0 1 1 0 1 1 1 1 0 1 1 1 0 1 0 0 1 0 0 0 1 1 0 1 1 0 1 1 1 1 1 1 
25 4
1 1 1 0 
1 1 1 1 
1 1 1 1 
0 0 1 0 
1 1 1 1 
1 1 0 1 
0 1 1 1 
1 1 1 0 
0 1 0 1 
1 1 0 1 
1 1 1 0 
0 1 1 0 
1 0 0 1 
0 1 1 0 
0 1 1 0 
1 1 1 0 
0 1 1 1 
1 1 0 0 
1 1 1 0 
1 1 1 0 
1 1 1 1 
1 0 1 0 
0 1 0 1 
1 1 0 0 
1 1 1 1 
25 30
1 1 1 0 1 1 1 1 1 1 0 1 1 1 1 1 1 1 0 1 1 0 1 1 0 1 0 0 1 1 
0 0 0 0 1 1 1 1 1 1 1 1 1 1 0 0 1 1 0 0 1 1 1 0 0 1 1 0 0 0 
1 0 1 1 1 0 1 0 0 1 1 1 1 1 1 1 1 1 1 0 0 0 0 1 1 0 1 1 1 1 
0 1 1 1 1 1 1 1 1 1 1 1 1 0 0 0 0 1 1 1 1 1 0 0 1 1 0 1 1 1 
1 1 1 0 1 1 1 1 1 1 1 0 1 1 1 0 1 1 1 1 1 1 0 1 1 1 0 1 1 1 
1 1 1 1 1 1 0 1 1 1 1 1 0 1 1 0 1 0 1 1 1 1 0 1 1 0 1 0 0 1 
0 0 1 1 1 1 1 1 1 1 1 0 1 1 1 0 1 1 1 1 0 0 0 1 1 0 0 1 1 0 
0 0 1 0 1 1 1 1 1 1 0 0 0 1 1 1 1 1 0 1 0 0 1 0 0 1 1 1 1 0 
0 1 1 0 1 0 1 1 0 1 1 0 0 1 1 0 1 0 1 1 1 1 0 1 0 0 1 0 1 1 
0 1 1 1 1 1 1 0 1 1 1 0 1 1 1 0 0 1 1 0 0 0 1 1 1 1 1 0 0 1 
0 1 1 1 1 1 0 1 1 1 0 1 0 1 1 0 1 1 1 0 1 1 1 1 1 1 0 1 1 0 
0 1 0 1 1 1 0 0 1 1 0 1 1 1 0 1 1 0 1 1 0 1 1 1 1 0 1 0 1 1 
1 0 1 0 0 1 1 1 1 0 0 1 1 1 1 1 1 1 1 0 0 1 1 0 0 1 1 0 0 1 
1 1 1 0 1 1 0 0 1 1 0 1 1 1 1 0 1 1 0 0 0 1 0 0 0 0 0 1 1 1 
0 1 0 1 1 1 1 1 1 1 0 1 1 1 0 1 0 0 0 1 0 1 1 0 1 0 1 1 1 1 
1 1 1 0 0 1 1 1 1 0 1 1 1 1 0 0 1 1 1 1 1 0 1 1 1 1 1 1 1 1 
1 1 1 1 1 0 0 1 0 1 1 0 0 1 1 1 0 1 0 1 1 1 0 1 1 0 0 0 1 0 
0 0 0 1 1 1 0 0 1 1 0 0 0 1 0 0 1 0 1 1 0 1 0 1 1 0 0 1 0 0 
1 1 1 1 1 1 1 1 1 1 0 1 1 1 1 1 0 1 0 0 1 0 0 1 0 1 1 1 1 0 
1 0 1 0 0 1 1 0 1 1 0 1 0 1 0 1 1 0 1 1 1 1 0 0 0 1 1 1 1 1 
1 0 0 0 1 0 1 1 1 1 1 0 0 1 1 0 1 1 1 1 1 1 1 1 1 1 1 1 1 1 
1 1 1 1 1 1 1 1 1 1 0 1 1 1 1 1 1 1 1 0 1 1 1 1 1 1 0 1 1 1 
1 1 1 1 0 1 0 1 1 1 1 0 1 1 1 0 1 0 1 0 0 1 0 1 1 1 1 0 1 0 
1 1 1 1 1 0 1 1 1 1 1 1 1 1 1 1 1 1 0 1 1 1 1 1 1 0 0 1 1 1 
1 0 0 1 1 1 1 0 0 0 1 0 0 0 1 0 1 1 1 1 1 1 0 1 1 1 1 0 0 1 
8 33
1 1 1 1 0 1 1 1 0 0 1 1 1 0 1 1 1 1 1 0 1 1 1 1 1 1 0 1 1 1 1 1 0 
0 0 1 1 0 0 1 1 0 1 1 0 0 1 1 1 1 0 0 1 1 1 1 0 1 0 0 1 1 1 1 0 0 
1 0 0 0 1 1 1 1 1 1 0 1 1 1 0 0 1 1 1 1 1 0 0 1 1 0 1 1 0 0 1 1 1 
1 1 0 1 0 0 0 1 1 1 1 1 1 1 1 1 0 1 0 1 1 1 1 1 0 1 1 0 1 0 0 1 1 
1 1 1 0 1 0 0 1 1 0 1 1 1 1 1 1 0 1 1 1 1 1 1 1 0 1 1 1 0 0 0 1 1 
1 1 1 1 1 1 1 1 0 0 0 0 1 0 1 1 1 0 1 0 0 0 0 1 1 1 1 1 0 1 0 1 1 
1 1 1 1 1 0 0 1 1 1 1 0 1 0 1 0 1 1 0 1 1 1 0 1 1 0 1 1 0 0 0 1 0 
1 1 1 1 0 1 1 0 1 0 0 1 1 0 0 0 1 1 1 1 1 1 1 0 0 0 0 1 1 1 1 1 1 
35 26
1 1 1 1 1 0 0 0 1 0 1 0 1 0 1 1 0 1 1 1 1 1 1 1 0 0 
1 1 1 1 1 1 0 0 0 0 1 1 0 1 1 1 0 1 0 1 1 1 1 0 0 1 
1 1 0 1 0 1 1 1 0 0 1 0 0 1 1 0 1 0 0 0 0 0 1 1 1 1 
0 1 0 1 0 1 1 1 0 1 1 1 1 1 1 0 1 1 1 1 1 0 1 1 1 0 
1 0 1 1 0 1 0 1 1 1 0 1 1 1 1 1 0 0 1 0 1 0 1 1 1 1 
0 0 1 1 0 0 1 0 1 0 1 0 0 1 0 1 1 0 1 1 1 1 1 0 1 1 
0 1 0 0 1 1 1 0 0 1 1 1 1 0 0 0 0 1 1 0 0 1 1 0 1 1 
0 1 0 1 0 1 0 1 1 0 0 1 0 1 0 1 1 0 0 1 1 1 1 0 0 0 
1 0 1 1 1 0 1 1 0 0 1 1 0 0 1 0 1 1 1 1 1 1 1 1 0 1 
0 0 1 1 1 0 1 1 1 1 1 1 0 1 1 1 1 1 1 0 1 1 1 1 1 0 
1 1 0 0 1 1 1 0 1 1 1 1 1 1 1 0 1 0 1 1 1 1 1 0 1 0 
1 1 1 1 1 1 1 1 1 1 1 0 1 1 0 0 0 1 1 1 0 1 0 1 1 1 
1 1 1 1 0 1 1 1 0 1 1 1 1 1 1 1 0 1 0 1 0 1 0 0 0 1 
1 1 1 1 0 1 1 1 1 1 0 0 1 0 1 1 1 1 1 0 1 1 1 1 1 0 
0 1 1 0 1 0 1 1 0 0 1 0 1 1 1 1 1 1 0 1 1 1 1 1 1 1 
0 1 0 0 1 0 0 1 1 1 1 0 1 0 1 1 1 0 1 1 1 0 1 1 0 1 
0 0 1 1 0 1 1 0 1 0 0 1 0 0 0 1 1 0 0 1 0 0 0 1 1 1 
0 0 0 1 1 1 1 1 0 0 1 1 0 1 0 1 1 1 1 1 0 1 1 0 0 0 
0 1 1 1 1 1 1 0 1 1 1 1 0 1 0 0 1 1 0 1 1 1 1 1 1 1 
0 1 1 1 1 1 1 1 1 1 1 1 0 1 0 1 1 0 1 1 0 1 1 1 0 1 
1 1 1 0 1 0 1 1 0 1 1 1 1 0 1 1 1 1 0 0 1 1 0 1 1 1 
1 1 1 1 0 1 1 0 1 1 1 1 1 1 0 0 1 0 0 1 1 0 1 1 0 1 
1 1 0 1 1 1 0 1 0 1 1 1 1 1 1 1 0 0 1 1 1 1 1 1 1 0 
1 1 1 1 0 1 0 1 0 0 0 1 0 0 1 1 0 0 1 0 1 0 1 1 0 1 
0 1 1 1 1 0 1 1 1 0 0 1 1 0 1 1 0 0 0 1 1 1 0 0 1 1 
1 1 1 1 0 1 1 0 1 0 1 1 1 1 1 1 0 1 0 1 0 0 1 1 1 1 
1 0 1 0 1 0 1 1 0 1 1 1 0 0 0 1 1 0 1 1 1 1 1 0 1 0 
0 0 1 0 1 1 1 0 1 0 0 0 0 1 0 0 1 1 1 1 0 0 0 0 0 0 
0 1 1 0 1 1 0 1 1 0 0 1 1 1 0 1 0 0 1 0 0 1 1 1 1 1 
1 0 0 1 1 0 1 1 0 1 1 1 1 1 0 1 1 0 1 1 1 1 1 1 1 0 
0 1 0 1 1 1 0 0 1 1 1 1 1 0 1 0 0 1 1 1 0 1 1 0 1 0 
1 0 0 0 1 0 0 1 1 1 1 1 0 0 0 0 1 1 1 1 1 1 0 1 1 1 
1 1 1 1 0 1 1 1 1 1 1 0 0 1 0 0 0 0 1 1 1 0 0 1 0 1 
1 1 1 1 0 0 0 1 1 1 1 1 1 1 1 1 1 1 1 1 1 0 1 1 1 1 
0 1 1 1 1 0 1 1 1 0 1 1 1 0 1 1 0 1 0 1 1 1 1 1 1 1 
36 25
1 0 0 1 1 1 1 0 0 0 1 1 1 1 0 1 0 0 1 1 0 1 1 1 1 
1 1 0 1 0 1 0 1 0 1 1 1 1 1 1 0 1 1 1 0 0 0 0 1 1 
1 0 1 1 1 0 0 1 0 0 0 1 1 1 1 0 1 1 1 1 1 1 1 1 1 
1 1 1 1 1 1 0 0 0 1 1 1 1 1 0 0 1 1 1 1 1 1 1 1 1 
1 0 1 1 1 1 0 1 1 1 0 0 1 1 0 1 1 1 1 0 1 1 1 0 1 
1 0 1 0 1 1 1 1 1 1 0 1 1 1 0 1 0 1 1 1 1 1 1 1 1 
1 1 1 1 1 1 0 1 1 1 1 0 0 0 1 1 1 1 0 1 1 0 0 0 1 
1 0 0 1 1 1 1 0 1 0 1 1 0 1 0 1 1 1 0 0 0 0 0 1 1 
1 1 1 1 0 0 1 0 1 1 1 1 1 1 1 1 0 1 1 1 1 1 0 1 0 
1 0 1 1 1 1 0 0 1 1 0 1 0 1 1 1 1 1 0 0 1 1 1 1 1 
0 1 1 1 0 1 0 0 0 1 0 0 0 0 1 0 1 0 1 0 0 1 0 1 0 
1 1 0 0 1 1 1 0 0 1 1 0 1 1 1 1 0 1 1 1 1 1 1 1 1 
0 1 1 1 1 1 0 0 1 1 1 1 1 0 1 1 1 1 0 0 0 1 0 0 1 
1 0 1 1 1 1 1 1 1 1 0 1 1 0 1 1 0 1 1 1 1 1 1 0 0 
1 1 1 1 0 1 1 0 1 0 1 1 1 0 0 1 1 1 0 0 1 1 1 0 1 
1 1 0 1 0 0 0 1 0 1 1 1 1 1 1 0 1 1 1 1 1 0 1 0 1 
0 1 1 1 1 0 1 0 1 1 1 1 1 1 1 0 1 0 1 0 1 0 1 1 1 
1 1 0 1 0 0 0 1 0 0 1 1 0 0 0 1 0 1 0 1 1 1 0 1 0 
1 1 1 1 0 0 1 0 0 1 0 0 0 1 1 0 1 1 1 1 1 1 1 1 1 
1 1 1 1 1 1 1 1 1 1 1 1 0 1 1 1 1 0 0 1 0 1 1 1 0 
1 1 0 1 1 0 0 1 1 1 0 1 1 1 1 1 0 1 0 1 1 0 1 1 0 
1 1 1 1 1 1 1 1 1 0 1 1 0 1 1 0 0 1 1 0 0 1 1 1 0 
1 0 1 0 1 0 1 0 1 1 1 1 1 1 0 0 1 0 1 0 0 0 1 0 1 
1 1 1 1 1 1 1 1 1 0 0 0 1 1 1 0 1 1 0 0 1 0 1 0 1 
1 1 1 0 0 1 1 0 0 1 0 0 1 1 1 1 1 1 1 0 1 0 1 1 1 
1 0 1 1 0 0 1 1 1 1 0 0 1 1 0 1 1 1 1 1 1 0 0 1 1 
1 1 1 0 0 0 0 0 1 1 1 0 1 1 0 0 1 0 1 1 0 0 1 1 0 
1 1 1 1 0 0 0 1 0 1 1 1 1 1 1 1 1 1 1 1 0 1 1 1 1 
1 1 1 1 1 0 1 0 0 1 1 1 1 1 1 1 0 1 0 0 1 1 1 0 1 
0 1 0 1 1 0 1 1 1 1 1 0 1 1 1 1 0 1 1 1 0 1 0 1 0 
1 1 1 0 1 1 1 1 1 1 1 1 1 1 1 1 1 0 1 0 1 1 1 1 1 
1 1 1 1 0 1 1 1 0 1 1 0 1 1 0 1 0 0 1 0 0 1 1 1 1 
1 1 0 1 0 1 1 0 1 1 1 1 0 1 0 1 1 0 0 1 0 0 0 1 0 
1 1 0 1 0 1 0 1 1 1 1 0 1 1 0 1 1 1 1 1 0 1 1 1 1 
0 1 1 1 0 1 0 1 0 1 1 1 1 0 1 0 1 0 1 1 1 1 0 1 0 
1 1 1 0 1 1 1 1 0 1 1 0 1 1 1 0 0 1 1 0 0 0 0 1 1 
3 25
1 1 1 1 1 1 1 1 1 1 1 0 1 0 1 0 1 1 1 0 0 0 1 1 1 
0 0 1 0 1 1 1 1 1 1 1 1 1 1 0 1 1 1 1 1 0 0 0 1 0 
1 1 1 0 0 1 1 1 1 1 1 1 1 0 0 1 1 1 0 1 0 0 1 0 1 
20 31
1 1 1 1 0 1 0 1 1 1 1 1 1 1 1 0 1 0 1 1 1 0 1 1 0 1 1 0 1 1 1 
0 0 0 1 1 0 0 1 0 1 1 1 1 1 1 1 1 0 0 0 1 1 1 0 1 1 0 0 0 0 1 
0 1 0 1 0 1 1 1 1 0 1 0 0 1 1 1 1 1 1 1 0 1 1 1 0 1 1 1 1 0 0 
1 1 0 0 1 1 0 1 0 1 0 0 1 0 1 1 0 1 0 1 0 1 0 0 1 0 0 1 1 1 0 
1 1 1 1 1 1 1 1 1 1 1 0 1 0 0 0 0 1 0 1 0 1 1 1 0 0 0 0 1 1 0 
1 1 0 1 1 1 0 0 0 0 0 1 1 1 1 0 1 1 1 0 0 0 0 1 1 0 1 1 0 1 1 
1 1 1 1 0 1 1 0 1 1 1 1 1 1 1 1 0 0 1 1 1 1 0 1 1 1 1 1 0 1 0 
1 1 0 1 1 1 1 1 1 1 1 0 1 1 1 0 1 1 1 1 1 1 1 0 1 1 1 1 1 0 0 
1 1 0 1 1 1 1 0 1 1 1 0 1 1 0 0 1 1 0 0 1 1 0 1 1 1 1 1 0 0 1 
1 0 1 0 1 1 1 1 1 0 1 1 0 0 1 1 0 1 1 0 1 1 1 1 1 0 0 0 1 1 0 
1 0 1 1 1 1 1 1 1 1 0 1 0 0 1 1 1 1 1 0 1 0 1 1 1 0 1 1 0 1 0 
1 0 1 1 1 0 1 1 0 0 1 1 1 0 1 1 1 1 1 1 1 1 1 1 1 1 1 0 0 0 1 
0 1 1 1 1 0 1 1 1 1 0 1 0 0 1 1 0 0 1 1 1 0 0 1 1 1 1 1 0 1 1 
0 1 1 1 1 0 0 1 1 1 1 0 1 1 1 1 1 1 1 1 1 1 1 0 1 1 1 1 0 1 1 
1 1 1 1 1 0 1 1 1 1 1 0 0 1 1 0 1 1 1 0 1 1 1 1 1 1 1 0 1 1 1 
0 1 1 0 0 0 1 0 0 0 1 0 0 1 1 0 1 1 0 1 0 0 1 0 0 1 1 0 1 1 1 
0 0 1 1 0 1 1 0 1 1 1 1 0 1 1 1 1 1 1 0 1 1 0 1 1 0 0 0 1 1 1 
0 1 1 0 1 1 1 1 1 0 1 1 0 0 1 0 1 1 0 0 0 1 0 0 0 1 0 1 1 1 1 
1 1 1 0 1 1 1 0 1 0 1 1 1 1 1 1 1 1 0 1 0 1 1 1 0 1 0 1 1 0 1 
0 1 0 1 1 1 0 0 1 0 1 1 0 1 0 0 1 1 1 1 1 0 1 1 1 1 1 1 1 1 1 
36 26
1 0 1 1 1 0 0 0 1 1 1 0 1 0 1 0 1 0 1 0 1 0 1 1 0 1 
1 1 1 1 0 0 1 1 0 1 0 0 1 1 0 0 0 1 0 0 1 1 0 0 1 0 
1 1 0 1 0 1 0 0 1 1 0 1 1 1 0 1 1 1 0 1 1 1 0 0 1 1 
1 1 1 1 0 1 1 1 1 0 0 1 1 1 1 1 1 0 0 1 1 1 1 0 1 0 
1 1 0 0 1 0 0 1 1 1 1 1 1 1 0 1 1 1 0 1 0 1 1 0 0 1 
1 1 1 1 0 0 1 0 1 1 1 1 0 1 0 0 0 1 1 1 0 1 0 1 0 1 
1 1 0 1 1 1 1 0 1 0 1 1 1 1 0 0 1 1 0 1 1 0 1 0 0 0 
1 0 1 1 0 0 0 1 0 1 0 1 1 1 1 0 1 0 1 1 0 0 1 0 0 1 
1 0 1 1 1 1 1 0 0 1 1 1 1 0 1 1 1 0 1 1 0 0 1 0 1 0 
1 1 1 1 0 0 0 0 0 0 1 1 1 1 1 1 1 1 0 1 1 1 1 1 1 1 
1 0 1 1 1 1 0 1 0 1 1 1 1 1 1 0 0 0 1 1 0 0 0 1 0 1 
1 1 0 1 1 1 0 1 0 1 1 0 1 0 0 1 0 1 1 1 1 1 0 0 1 1 
0 0 1 1 0 0 1 0 1 1 1 0 1 1 1 1 1 0 0 1 1 0 0 0 0 1 
0 1 0 1 1 1 1 1 1 0 1 1 1 0 1 1 1 1 0 0 0 1 1 1 0 1 
0 0 1 0 1 1 0 1 0 1 1 1 1 1 1 1 0 0 1 1 1 0 1 0 0 1 
1 1 1 1 1 0 1 1 0 1 1 1 1 0 1 1 0 1 0 1 1 0 1 1 1 1 
1 1 0 0 0 1 1 1 0 0 1 0 1 1 1 1 1 0 1 1 1 1 1 1 0 1 
1 1 1 1 1 1 1 1 1 1 1 1 1 1 1 1 0 1 1 1 1 0 1 1 1 1 
1 0 0 1 0 1 1 1 1 0 1 1 0 1 1 1 0 1 1 1 0 0 0 1 1 1 
1 0 1 0 1 1 1 1 1 1 1 1 0 1 1 0 0 0 1 1 1 1 1 0 1 0 
0 1 1 0 1 1 1 1 1 1 1 1 1 1 1 1 0 1 1 0 0 1 1 1 1 1 
0 1 0 1 1 1 1 1 0 1 1 1 1 1 1 0 1 1 1 0 1 0 0 0 1 1 
0 1 0 1 0 1 1 0 0 1 1 0 0 1 1 0 1 1 0 1 0 1 0 0 1 1 
1 1 1 1 0 1 1 1 1 1 0 1 1 1 1 0 1 1 0 0 1 0 1 0 1 1 
1 1 1 1 0 1 0 0 0 1 1 1 0 1 0 0 1 1 1 1 1 1 1 1 1 0 
0 0 0 1 1 0 1 0 0 0 1 1 0 1 1 1 0 1 0 1 0 1 1 1 1 1 
1 0 1 0 0 1 0 1 0 0 1 1 1 0 1 1 1 0 0 0 0 0 1 1 1 1 
1 1 0 1 1 0 1 1 1 1 1 0 1 1 1 0 1 1 0 1 1 1 1 1 1 1 
0 1 1 0 1 0 0 1 1 0 0 0 1 0 0 0 1 1 1 1 1 1 1 1 1 1 
0 0 1 1 0 0 1 0 0 1 1 1 0 1 1 1 1 0 1 0 1 0 1 0 1 1 
1 1 1 1 1 0 1 0 1 1 1 0 0 0 1 1 1 1 1 1 1 1 1 0 1 1 
0 1 1 1 1 1 1 0 1 1 0 0 0 1 1 0 1 1 0 0 1 0 0 1 1 1 
0 0 1 0 1 0 1 1 1 0 1 1 1 1 0 1 1 1 1 1 1 1 0 1 1 0 
1 1 1 0 1 0 1 1 0 0 1 1 0 1 1 0 1 1 1 1 0 1 0 0 1 1 
1 0 1 0 1 1 1 1 1 1 1 0 1 1 1 1 0 1 1 0 1 1 0 0 0 1 
0 1 0 0 1 1 1 1 1 1 1 0 1 1 0 0 1 1 0 1 1 1 1 0 0 1 
27 47
1 1 1 1 1 1 0 1 1 1 1 0 0 0 1 0 1 1 1 1 1 0 0 1 0 1 1 1 1 0 1 1 1 1 1 1 0 1 0 1 0 0 0 0 1 1 0 
0 0 1 1 0 1 1 1 1 1 1 1 1 1 1 1 1 0 0 0 1 1 1 1 0 1 1 0 0 1 1 1 1 1 1 1 0 1 1 1 0 1 1 1 1 1 1 
1 1 1 1 1 1 1 0 1 0 1 0 0 0 1 1 0 1 0 1 1 1 0 0 1 1 1 0 1 1 1 0 1 1 0 1 1 1 0 1 0 0 1 0 1 1 0 
1 1 1 1 1 1 1 1 0 1 1 1 0 1 1 0 1 0 1 1 1 1 1 1 0 1 1 1 0 1 1 1 0 1 0 0 0 1 1 1 0 1 1 1 1 1 0 
1 0 0 1 1 0 1 1 1 1 1 0 0 1 1 1 1 1 0 1 1 1 1 1 0 1 1 1 1 1 1 1 1 0 0 1 1 1 1 1 1 1 1 0 1 0 0 
1 1 1 1 1 1 1 1 1 1 0 0 0 1 0 1 0 0 1 0 1 1 1 0 1 1 1 1 1 1 0 1 0 0 1 1 1 1 1 1 1 0 1 1 1 0 1 
0 0 1 0 0 0 1 1 1 1 0 1 1 1 1 1 1 0 1 0 0 0 1 1 1 1 1 0 1 1 1 1 0 1 1 1 0 0 1 1 1 0 1 1 1 1 1 
0 0 1 0 1 0 0 0 1 1 1 1 1 1 1 1 1 1 0 1 0 0 0 0 0 1 0 1 1 0 1 0 0 0 1 1 1 1 0 1 1 0 0 0 1 0 0 
1 0 1 1 1 1 0 0 0 1 1 1 0 0 1 1 0 1 0 1 0 1 1 1 1 0 0 1 1 1 1 1 1 1 1 0 0 1 0 1 0 1 0 1 1 1 0 
1 1 1 1 1 0 1 1 0 0 1 1 0 1 0 1 0 0 1 1 1 0 1 1 1 1 1 0 1 1 0 1 1 1 0 1 1 1 1 0 1 0 1 1 0 1 1 
1 0 1 1 1 0 1 0 1 1 1 1 0 1 1 0 1 0 1 1 0 1 1 0 0 0 1 0 1 0 1 0 0 0 1 0 1 1 1 1 1 1 0 0 1 0 0 
0 1 1 0 1 1 1 1 1 1 1 1 0 1 1 1 1 1 1 1 0 1 0 1 1 1 0 1 0 1 1 0 0 0 1 0 1 0 1 0 1 0 1 0 0 0 0 
0 1 1 1 0 1 1 1 1 0 1 1 1 1 1 1 0 0 0 1 0 1 1 1 0 0 1 1 1 1 1 1 1 1 1 1 0 0 1 0 1 0 1 1 0 0 0 
0 1 0 1 0 0 1 0 1 1 1 1 0 1 1 1 1 1 1 0 0 0 1 1 1 0 1 1 0 0 1 0 0 1 0 0 0 1 1 1 1 0 0 0 1 0 1 
1 1 1 1 1 1 1 1 1 1 0 0 1 1 0 1 0 0 1 0 1 0 1 1 1 0 1 0 1 0 0 0 1 1 1 1 1 1 0 0 0 1 1 1 1 1 1 
0 0 1 0 0 1 1 1 1 1 0 0 1 0 1 1 1 1 1 1 0 1 1 1 1 1 1 0 1 1 1 0 1 1 0 1 1 0 1 0 1 1 0 0 1 0 1 
1 1 0 1 1 0 1 1 1 1 1 0 1 1 1 1 1 0 0 1 1 0 0 1 1 1 0 1 1 0 1 1 1 1 1 1 1 0 1 1 1 0 0 1 1 1 1 
1 1 0 1 0 0 1 0 1 0 1 1 0 0 1 1 0 0 1 1 0 0 0 1 0 1 0 0 1 1 0 0 0 1 0 1 1 1 1 1 1 1 0 0 1 1 1 
1 1 1 1 0 1 1 0 0 0 1 1 1 0 1 0 0 0 1 1 1 1 1 1 0 1 1 0 0 1 1 0 0 0 1 1 0 1 1 1 1 1 0 1 1 0 0 
1 1 1 1 0 1 1 0 0 1 0 0 0 0 0 0 1 1 0 0 1 0 0 1 1 1 1 1 0 1 1 0 1 1 0 0 0 1 1 0 0 1 1 1 1 0 1 
1 0 0 1 0 0 0 1 0 0 0 0 0 1 1 1 1 0 0 1 1 0 1 0 1 0 1 1 0 1 1 0 1 1 0 1 1 0 1 0 1 1 1 1 1 1 1 
1 1 1 0 1 1 0 1 1 0 1 0 1 0 1 1 0 0 1 1 0 0 1 0 1 1 0 1 0 0 0 0 1 1 1 0 1 0 1 0 0 0 1 1 1 1 1 
1 1 1 1 1 1 1 1 1 0 1 1 1 1 1 1 0 1 1 1 1 0 0 1 1 0 1 0 1 1 1 0 1 1 1 1 0 1 1 1 0 1 0 1 0 0 0 
1 0 1 1 0 1 0 1 1 0 1 0 1 1 0 1 1 0 1 0 0 1 1 0 1 1 1 1 1 1 1 1 0 1 0 0 0 1 1 1 1 1 0 0 1 1 1 
1 0 1 1 1 0 0 1 1 0 1 1 1 1 0 1 1 1 0 1 0 1 0 0 1 0 1 0 1 1 1 1 1 1 0 1 1 1 1 0 1 0 1 1 0 1 0 
1 0 0 1 1 1 0 1 0 0 0 0 1 1 1 0 0 0 1 0 0 0 0 0 0 1 1 0 0 0 1 0 1 0 1 0 1 0 1 1 0 0 1 1 1 0 1 
0 1 1 1 1 1 1 1 1 0 1 0 0 1 1 1 0 1 1 1 1 1 0 1 1 1 1 1 1 1 1 1 0 0 1 1 1 1 0 1 0 1 1 1 1 0 1 