50
3 dfs(2)
951 882 389 
3 dfs(3)
627 356 348 
3 bfs(3)
38 350 507 
3 bfs(1)
959 298 929 
8 dfs(2)
209 668 941 858 66 816 987 949 
2 dfs(2)
691 257 
4 dfs(1)
536 257 893 670 
4 bfs(4)
906 162 695 490 
5 dfs(4)
161 658 129 248 514 
5 dfs(5)
15 220 957 441 885 
7 bfs(7)
566 669 38 205 261 534 281 
4 dfs(3)
763 960 762 531 
4 bfs(4)
597 351 733 327 
2 dfs(2)
619 536 
5 bfs(1)
924 708 18 827 173 
3 bfs(3)
402 729 794 
5 dfs(2)
903 288 177 698 853 
2 dfs(1)
377 732 
4 bfs(2)
144 450 288 537 
5 dfs(1)
341 251 284 973 832 
9 bfs(7)
933 375 796 704 556 396 941 883 703 
7 dfs(2)
190 200 72 417 173 509 769 
10 bfs(7)
447 263 672 119 123 375 224 748 777 122 
4 bfs(1)
899 631 606 296 
6 bfs(5)
459 415 858 861 227 367 
1 bfs(1)
960 
9 dfs(7)
398 121 677 834 258 347 92 508 169 
7 bfs(5)
617 824 486 890 482 500 521 
9 dfs(2)
425 887 459 682 67 656 767 152 566 
5 bfs(1)
677 352 78 563 287 
10 dfs(8)
269 420 643 583 259 778 703 175 922 401 
1 bfs(1)
979 
3 bfs(2)
728 374 297 
5 dfs(3)
433 145 334 916 983 
8 bfs(8)
782 704 658 152 732 502 889 986 
7 bfs(5)
582 585 481 72 477 443 852 
4 bfs(4)
62 876 315 752 
4 dfs(2)
399 617 86 822 
6 dfs(1)
249 615 679 94 280 798 
5 bfs(1)
342 997 373 156 972 
4 dfs(1)
713 985 172 658 
10 dfs(8)
819 123 663 570 695 192 158 898 501 792 
6 bfs(5)
3 263 741 281 331 465 
7 dfs(4)
505 274 709 104 718 382 82 
2 dfs(2)
988 75 
2 dfs(2)
539 312 
1 bfs(1)
683 
7 bfs(2)
99 584 630 768 196 777 964 
9 bfs(4)
105 242 373 595 50 638 724 24 455 
9 bfs(5)
312 551 527 433 542 669 501 470 325 