50
3 dfs(3)
786 368 603 
3 bfs(1)
537 179 10 
1 bfs(1)
255 
2 bfs(1)
872 169 
4 dfs(4)
319 647 674 928 
4 dfs(1)
681 827 346 562 
5 bfs(4)
825 162 768 724 635 
2 bfs(2)
145 336 
2 bfs(1)
917 601 
10 bfs(5)
454 870 998 100 624 390 384 548 14 229 
1 dfs(1)
989 
7 dfs(2)
770 789 524 115 755 278 257 
1 bfs(1)
790 
10 dfs(9)
644 392 868 984 959 110 439 550 588 990 
9 bfs(3)
381 322 162 753 439 617 1 841 122 
1 dfs(1)
669 
9 bfs(2)
377 31 417 932 502 191 400 392 137 
10 bfs(3)
412 44 44 819 566 204 823 337 461 195 
6 dfs(2)
518 833 945 164 205 290 
9 bfs(3)
806 678 847 377 669 928 312 596 942 
7 dfs(5)
836 515 622 691 934 623 3 
10 bfs(3)
538 50 359 784 869 384 285 822 73 294 
6 dfs(1)
640 265 502 555 38 8 
1 dfs(1)
740 
7 dfs(5)
253 290 752 724 255 911 250 
9 bfs(2)
607 62 140 649 541 120 78 238 835 
4 bfs(3)
794 204 465 221 
1 bfs(1)
372 
3 dfs(2)
739 860 540 
8 dfs(3)
416 723 197 130 641 919 977 299 
10 dfs(5)
14 114 65 175 574 957 304 510 416 10 
4 bfs(1)
821 5 465 104 
10 dfs(9)
284 281 849 987 423 199 269 982 475 445 
8 dfs(4)
836 350 649 446 529 327 635 864 
10 bfs(6)
530 232 175 917 259 90 750 605 478 778 
10 dfs(3)
34 728 247 46 714 246 167 549 660 656 
4 dfs(4)
532 787 342 201 
7 bfs(7)
544 489 871 725 216 750 452 
1 dfs(1)
838 
2 dfs(2)
997 763 
4 bfs(2)
778 882 593 889 
8 bfs(1)
111 537 5 754 165 374 877 692 
8 bfs(8)
721 533 889 112 709 259 245 564 
6 bfs(6)
534 207 607 906 710 583 
5 dfs(1)
244 846 993 377 449 
1 dfs(1)
728 
6 dfs(2)
29 329 83 406 806 367 
7 bfs(5)
583 204 150 650 37 190 872 
7 dfs(7)
232 733 185 486 485 392 453 
7 dfs(4)
644 663 974 163 800 494 10